9166 3235
5324 2167
222 1830
1312 3310
8944 2098
7365 7143
4719 3461
5195 3905
7422 8028
992 8304
717 1716
7427 5302
1027 8224
3239 7624
3952 2029
7664 8375
5666 6486
4022 2321
6432 5867
4167 6729
1228 5741
2808 8660
280 7692
4275 9815
8581 5320
7070 7222
2731 202
7233 4219
8060 7936
9363 673
8961 9299
3604 5535
9254 5061
5293 2176
2382 7675
8886 1038
2563 6177
6428 9280
1488 6442
6433 5138
6028 7764
6381 6062
5547 2241
2021 4749
5755 8088
1363 6422
4645 74
4515 3929
2993 8610
1792 2219
2516 3467
7235 3108
732 2693
9271 5714
7933 8159
1830 4710
8448 8966
8510 9773
1480 6206
4727 6706
9995 6484
8790 7798
7878 426
2035 9586
28 9693
9068 5092
3933 4467
4590 5967
9920 1672
272 866
3109 4316
8497 370
3554 7951
8652 2452
2574 7529
7033 5712
6096 4476
7376 8409
8701 1048
6690 6827
8964 5865
9038 4496
1796 7320
6772 9269
1958 7054
8752 5557
312 3294
5810 295
8404 4183
329 6972
2596 6621
1916 3803
3035 5687
5521 9586
3217 1263
6479 7570
6003 3795
49 8153
2287 1137
1159 3096
3385 2511
3170 1818
9512 1739
8417 5377
9617 5836
3415 9521
1549 920
3635 2367
6368 3011
5859 7274
1409 5254
1240 5313
2416 8040
7578 749
2904 6622
4483 1088
6626 9155
4197 6194
6851 335
7796 6342
6282 8294
124 6182
1585 8856
8660 6667
865 8650
1302 900
8972 6754
3880 4936
6408 6078
4280 9847
4020 1028
4410 5317
4175 8265
4427 9887
9008 1879
255 4224
9441 7133
319 8151
4952 6382
9003 4311
9058 614
5692 3415
5518 5461
8307 5309
9013 7327
1636 9752
6345 3490
4119 1920
5074 1968
8666 2292
2161 4339
7315 9381
3800 4255
8885 8694
7262 1184
1347 4852
4000 7336
1355 4284
434 3502
5789 5749
961 1971
8997 6907
4868 8419
4339 7956
4214 6624
6634 8435
4482 3669
7338 4134
8832 6377
915 7336
5850 9289
9076 9777
1991 7595
535 898
4053 4436
4922 1044
8340 1510
907 5851
9856 1592
9271 9791
7689 75
6953 8558
5101 3938
8397 4449
2441 2290
2845 1335
571 4224
8191 3789
3557 2318
5679 2451
740 3365
9068 7595
4015 8580
6069 3261
7895 8790
244 3593
8801 8592
1728 2079
3096 2459
5290 8975
4578 8561
7528 5762
4628 4436
1355 3179
1748 8577
9047 871
2947 2221
1599 9492
811 1188
2766 9235
9749 3887
1941 5982
7424 3131
9113 8905
2017 8737
6981 1676
8910 1198
1652 7948
351 5320
2010 7004
491 832
6144 5976
5845 8404
1757 9095
2630 4048
2129 8667
6730 3765
4310 5031
1899 7076
8790 4469
3772 9023
6515 4323
7638 2687
1510 3114
9149 9528
1328 6528
8290 7210
2174 8918
973 7949
5772 2857
5513 3444
7137 9070
3119 6312
2419 9757
3444 582
8220 9403
4353 2942
4680 1086
5664 6244
628 192
8127 6222
2918 8587
1659 3075
2135 9258
5877 4971
3991 2024
9207 3441
8595 5043
8198 4279
7657 9224
1562 3589
6673 4716
8313 3793
4324 4821
5511 1940
2472 2512
5091 4283
791 4124
1848 3497
1465 6666
532 3755
7086 5915
6497 8638
5409 1208
16 8844
3644 3164
1921 2563
8597 7484
4777 4103
4013 9401
314 1343
8875 3598
209 6751
693 6833
7043 2004
879 8271
4336 5439
1294 2810
114 6189
1439 4137
8538 2035
1755 6202
4806 633
805 5562
6542 8142
1573 3987
3421 4653
6028 752
2248 9387
3763 8487
3877 7617
5402 7261
3207 6527
5480 974
8051 313
1938 4943
817 7305
6344 2838
9847 9760
666 4187
8945 3938
3014 9325
7425 4905
492 9942
979 6301
4654 2791
818 5098
276 574
1596 3975
5352 3873
4544 3211
2855 9504
937 2717
3577 8449
7931 4540
6113 4304
5234 2988
5408 3388
8458 5951
6910 2791
5498 5359
6288 8966
1607 781
497 2719
9001 1228
6241 8691
6187 6448
9851 6552
7054 6586
8055 8374
63 3751
9863 7127
1408 5548
9615 3669
6707 2711
2440 4407
9829 9424
853 5945
9944 9312
650 3194
8997 5054
1511 2812
1313 1986
9313 3829
9433 266
6453 5808
6359 3265
3828 4287
5015 5513
2066 6215
5681 8390
8961 8654
6126 7839
2044 669
9799 7726
2625 6849
209 8354
9019 1646
5495 5305
7446 2776
2251 4624
7603 2671
1127 8881
847 5621
9057 9817
9645 7437
6828 2345
3543 8643
2435 8280
2594 418
8654 2967
8920 4397
5095 6996
6923 7942
9477 3902
3159 9685
425 143
1288 7738
4973 2755
4281 996
5475 9174
9805 8792
2070 3196
6002 3160
541 6703
6102 9968
2014 7860
6079 5987
7395 9110
3932 6792
5914 2146
5921 2188
7593 7722
8093 1707
7767 1487
2545 7560
7078 6400
9225 2920
2952 4595
9821 3102
5604 5959
471 146
897 5101
4404 3640
6812 7850
9917 292
7698 2680
9131 5201
5001 7970
7624 7211
6493 256
5422 5446
3208 7723
1592 1511
5246 6061
8135 951
2311 8746
6191 9134
8584 1610
2833 8775
9121 5698
3627 5786
9909 5187
2430 6874
3523 7220
6833 8363
4568 3164
4983 3767
1330 320
4437 336
3346 1952
6739 7826
9123 7693
4110 3371
7517 444
6236 2542
2266 9405
2730 6234
2660 6366
3897 3080
7043 5366
8770 6418
1147 6392
947 9266
1476 510
111 3761
1359 4721
8737 6752
9001 3109
2658 3541
6893 3383
4500 373
2067 7419
9071 3731
1687 6805
7052 9313
7966 4047
9854 1481
7228 2907
1480 5577
1880 1261
4817 6935
3730 9510
1815 1500
1439 1955
5333 830
1324 3973
3720 9801
3870 3026
4040 9085
8354 7392
2463 5544
9314 5989
140 8640
1715 2566
109 1961
3724 5756
6016 2655
4052 373
8740 8992
1286 314
7674 9074
6847 7675
7617 4347
3356 5696
2639 3958
5560 6798
655 9561
7448 4315
1426 8059
7644 1862
4050 9520
1620 7882
5744 186
3212 8544
4374 4837
9087 332
9065 8657
4169 8862
676 6341
226 6540
203 3916
9153 3847
7550 515
1364 525
548 5670
3046 6724
4411 6231
2142 299
8515 2076
2335 9848
8579 8086
956 760
8332 6406
9343 947
6730 8967
5860 4228
3826 1063
2459 1097
672 4798
504 2792
7081 197
6725 6786
4930 2358
469 775
7588 854
6771 917
6511 9474
5041 8970
4610 7107
9186 1222
6773 135
5167 2905
9907 6790
272 4623
5234 1136
6106 3966
1004 7219
17 3064
3009 5859
6767 4125
2031 1613
9362 8048
7944 8224
1645 4163
4171 8309
8272 4448
4133 323
1745 4014
4343 2090
9634 3785
1055 9124
3323 2853
3032 7986
1241 5292
7423 3978
24 3439
9191 8591
6432 2439
7163 156
8984 6930
3212 1324
8636 1917
284 276
3417 9985
8604 5155
7387 7578
5226 4482
2739 9816
5973 5951
2302 1397
3559 684
6627 676
4397 3933
5006 9011
3750 5195
9748 929
2849 9173
84 4782
439 6416
6081 1130
2790 2544
9150 7747
7645 1406
7240 7015
8706 4264
5303 5266
5362 8649
8334 4258
8470 7290
6377 9655
4983 3928
5921 3863
6092 3642
9430 3894
1359 8062
2121 7709
3615 9843
8216 2310
5410 1370
2224 7319
9570 9637
4227 5891
3929 3432
3940 9144
3617 5884
892 2079
5776 6263
2884 507
6277 3704
5491 1805
3728 9613
7405 1697
5421 9177
916 413
7625 985
2245 944
8877 8979
6562 5392
2031 1513
5605 11
846 3489
1619 5083
1294 643
1537 7439
4455 55
2580 7640
6276 3594
4642 1427
1556 640
7281 2887
1671 7196
3155 8618
3985 273
2098 8235
3749 4785
6697 7747
5024 5231
7643 4025
7729 2433
2534 309
6068 3634
1762 5239
1966 4437
3373 4678
6872 5385
8090 7183
4215 9047
6241 9765
6112 2282
326 6225
6210 3434
1240 5611
7491 8722
2040 1191
7290 5304
696 2056
6834 3358
9660 9243
9319 2426
5030 2523
9235 6088
4063 9983
5340 9861
7340 9211
6092 6891
1822 6974
6977 4615
5397 1049
1746 6158
3085 3361
7985 6706
9792 9357
8555 5169
236 7093
8890 1201
4842 5434
4988 6310
6537 5237
9062 7249
7018 3201
5099 6329
5765 9542
9828 2858
7348 8056
3701 6296
6476 4861
2910 6161
4834 2254
2912 733
9061 9828
851 5436
903 3628
8627 2496
9113 195
9721 2950
5244 106
7894 3006
5003 2922
7888 5531
914 946
7592 535
7698 8215
4143 7177
3820 1565
9020 6472
5377 1605
6806 5521
4186 5655
3588 6707
4259 4902
2009 4600
9419 146
528 9073
7721 3231
8447 1043
7854 5243
9911 5673
2035 1938
2799 3449
8224 5823
1595 7976
8335 653
2992 1250
8974 4227
672 6622
3288 5697
3133 2375
5999 8857
875 6931
7495 1653
4086 4062
8601 990
9218 6227
958 4467
5247 6301
8924 9155
6086 4058
5016 6937
4245 3905
5298 8772
5643 4769
9963 8501
5772 6760
3914 3912
174 1196
378 9098
4598 1838
223 1374
1697 180
3080 4379
4356 1511
7915 7272
5693 1302
1298 3838
1831 6831
9872 4301
4996 1277
850 1468
1205 744
6318 5255
6322 2111
9031 2638
9464 5985
3624 9556
4191 5280
1577 7542
5092 5223
8952 662
4472 8737
9666 8897
9721 5104
1835 1393
9648 6837
7077 348
3168 6114
3197 1204
1403 9992
9446 2283
2198 1474
7202 1796
5761 8673
8476 7753
5100 5193
5861 4398
1271 9296
4634 4418
8825 2117
8241 6849
6840 7072
4750 1116
9646 226
7681 2220
1566 5586
1293 5222
8196 2982
982 3603
972 9130
1152 3157
8648 2387
9977 5486
4306 8534
1291 6038
3918 4811
2355 133
7362 9131
8475 9386
2694 2549
7373 7501
5616 4985
5209 3946
6382 3085
5848 6065
9152 1110
6811 7938
1100 7207
5953 5633
3781 899
3550 7191
7912 8394
3966 4258
5116 1531
5438 604
4663 7651
2787 2636
931 2760
108 9297
1225 9779
9946 9154
4086 7680
3131 9447
1676 7597
4161 9780
72 7736
7061 6010
4247 6286
7351 8024
2370 3221
1368 5702
2041 205
8109 1452
2610 8081
6380 4835
7164 1549
5156 6704
5625 32
2959 7518
3379 6924
1015 8902
8078 952
4753 5633
2786 5058
5209 8186
8492 5406
6265 8535
7030 4944
1387 4568
9851 4914
8454 2673
4855 8492
5640 8053
9031 569
3117 3445
2069 9358
3181 6126
7240 5438
8229 4818
6256 9161
1253 19
2070 5582
5236 2352
2622 8743
9092 1410
8553 2757
3281 8565
9590 3581
359 5059
3077 6978
9534 9098
4357 9988
6871 2170
9035 3780
4615 1001
6426 3396
1104 9247
6047 3556
1072 566
8665 5486
1137 5277
1658 1420
3053 7685
3902 2175
8721 9663
3340 770
6673 4141
5499 8654
3806 3028
6176 6522
2569 1087
134 5281
6631 3268
8691 9434
2657 4600
1881 5924
1171 7899
7200 6045
7079 557
9958 2739
8967 8079
952 2212
1786 5818
2539 9259
4325 9567
9780 7545
6597 4339
9732 5045
960 7354
2350 9270
1182 6559
928 30
7374 6624
1274 3165
7192 3080
8633 6611
8066 6190
731 6917
4392 4268
6232 7915
6488 7107
6565 513
2629 4562
3475 3767
2249 8090
6662 3033
6150 8959
1438 397
6816 7674
3427 9621
5115 9136
4561 3742
8146 183
4503 4837
4629 6066
9286 769
5208 6533
3462 8207
6859 7640
4854 7458
9325 7374
5050 8548
8695 1426
7629 4184
6598 9620
5411 9672
46 6012
1862 2396
3106 6188
2873 4513
1405 100
2829 5229
7351 7317
6334 8303
5320 3141
2899 5931
8693 7582
3036 9492
6177 2034
1915 6575
5789 3672
4188 8367
9018 9135
4574 1920
1398 4537
7343 4867
4303 3824
7106 1829
7882 5547
2727 9017
4378 4078
3980 2678
9437 6189
5228 852
2575 195
9569 6237
7662 6451
5992 5945
9909 8407
7112 2643
7515 9063
