9166 3235 262
5324 2167 238
222 1830 182
1312 3310 217
8944 2098 262
7365 7143 195
4719 3461 238
5195 3905 215
7422 8028 252
992 8304 262
717 1716 182
7427 5302 262
1027 8224 262
3239 7624 262
3952 2029 238
7664 8375 252
5666 6486 262
4022 2321 238
6432 5867 262
4167 6729 262
1228 5741 238
2808 8660 262
280 7692 262
4275 9815 262
8581 5320 262
7070 7222 195
2731 202 209
7233 4219 262
8060 7936 252
9363 673 262
8961 9299 260
3604 5535 238
9254 5061 262
5293 2176 238
2382 7675 262
8886 1038 262
2563 6177 262
6428 9280 260
1488 6442 262
6433 5138 262
6028 7764 262
6381 6062 262
5547 2241 238
2021 4749 238
5755 8088 262
1363 6422 262
4645 74 238
4515 3929 215
2993 8610 262
1792 2219 175
2516 3467 217
7235 3108 262
732 2693 209
9271 5714 262
7933 8159 252
1830 4710 238
8448 8966 247
8510 9773 260
1480 6206 262
4727 6706 262
9995 6484 260
8790 7798 252
7878 426 262
2035 9586 262
28 9693 262
9068 5092 262
3933 4467 215
4590 5967 236
9920 1672 262
272 866 171
3109 4316 238
8497 370 262
3554 7951 262
8652 2452 262
2574 7529 262
7033 5712 262
6096 4476 236
7376 8409 252
8701 1048 262
6690 6827 182
8964 5865 262
9038 4496 262
1796 7320 262
6772 9269 260
1958 7054 262
8752 5557 262
312 3294 217
5810 295 238
8404 4183 262
329 6972 262
2596 6621 262
1916 3803 238
3035 5687 238
5521 9586 262
3217 1263 217
6479 7570 257
6003 3795 236
49 8153 262
2287 1137 183
1159 3096 217
3385 2511 217
3170 1818 217
9512 1739 262
8417 5377 262
9617 5836 262
3415 9521 262
1549 920 182
3635 2367 217
6368 3011 262
5859 7274 262
1409 5254 238
1240 5313 238
2416 8040 262
7578 749 262
2904 6622 262
4483 1088 238
6626 9155 257
4197 6194 262
6851 335 262
7796 6342 257
6282 8294 257
124 6182 262
1585 8856 262
8660 6667 257
865 8650 262
1302 900 182
8972 6754 257
3880 4936 215
6408 6078 262
4280 9847 262
4020 1028 238
4410 5317 210
4175 8265 262
4427 9887 262
9008 1879 262
255 4224 238
9441 7133 260
319 8151 262
4952 6382 262
9003 4311 262
9058 614 262
5692 3415 238
5518 5461 192
8307 5309 262
9013 7327 252
1636 9752 262
6345 3490 262
4119 1920 238
5074 1968 238
8666 2292 262
2161 4339 238
7315 9381 260
3800 4255 202
8885 8694 216
7262 1184 262
1347 4852 238
4000 7336 262
1355 4284 238
434 3502 217
5789 5749 174
961 1971 182
8997 6907 257
4868 8419 262
4339 7956 262
4214 6624 262
6634 8435 257
4482 3669 238
7338 4134 262
8832 6377 257
915 7336 262
5850 9289 262
9076 9777 260
1991 7595 262
535 898 179
4053 4436 215
4922 1044 238
8340 1510 262
907 5851 238
9856 1592 262
9271 9791 198
7689 75 262
6953 8558 252
5101 3938 215
8397 4449 262
2441 2290 183
2845 1335 209
571 4224 238
8191 3789 262
3557 2318 217
5679 2451 238
740 3365 217
9068 7595 252
4015 8580 262
6069 3261 238
7895 8790 252
244 3593 217
8801 8592 216
1728 2079 180
3096 2459 217
5290 8975 262
4578 8561 262
7528 5762 262
4628 4436 184
1355 3179 217
1748 8577 262
9047 871 262
2947 2221 217
1599 9492 262
811 1188 182
2766 9235 262
9749 3887 262
1941 5982 238
7424 3131 262
9113 8905 247
2017 8737 262
6981 1676 262
8910 1198 262
1652 7948 262
351 5320 238
2010 7004 262
491 832 171
6144 5976 187
5845 8404 262
1757 9095 262
2630 4048 238
2129 8667 262
6730 3765 262
4310 5031 215
1899 7076 262
8790 4469 262
3772 9023 262
6515 4323 262
7638 2687 262
1510 3114 217
9149 9528 260
1328 6528 262
8290 7210 252
2174 8918 262
973 7949 262
5772 2857 238
5513 3444 238
7137 9070 252
3119 6312 262
2419 9757 262
3444 582 217
8220 9403 260
4353 2942 238
4680 1086 238
5664 6244 262
628 192 144
8127 6222 257
2918 8587 262
1659 3075 217
2135 9258 262
5877 4971 236
3991 2024 238
9207 3441 262
8595 5043 262
8198 4279 262
7657 9224 252
1562 3589 217
6673 4716 262
8313 3793 262
4324 4821 215
5511 1940 238
2472 2512 178
5091 4283 215
791 4124 238
1848 3497 217
1465 6666 262
532 3755 238
7086 5915 262
6497 8638 257
5409 1208 238
16 8844 262
3644 3164 199
1921 2563 209
8597 7484 252
4777 4103 215
4013 9401 262
314 1343 182
8875 3598 262
209 6751 262
693 6833 262
7043 2004 262
879 8271 262
4336 5439 215
1294 2810 209
114 6189 262
1439 4137 238
8538 2035 262
1755 6202 262
4806 633 238
805 5562 238
6542 8142 257
1573 3987 238
3421 4653 238
6028 752 238
2248 9387 262
3763 8487 262
3877 7617 262
5402 7261 262
3207 6527 262
5480 974 238
8051 313 262
1938 4943 238
817 7305 262
6344 2838 262
9847 9760 198
666 4187 238
8945 3938 262
3014 9325 262
7425 4905 262
492 9942 262
979 6301 262
4654 2791 238
818 5098 238
276 574 144
1596 3975 238
5352 3873 215
4544 3211 238
2855 9504 262
937 2717 209
3577 8449 262
7931 4540 262
6113 4304 236
5234 2988 238
5408 3388 238
8458 5951 262
6910 2791 262
5498 5359 192
6288 8966 257
1607 781 182
497 2719 209
9001 1228 262
6241 8691 257
6187 6448 200
9851 6552 260
7054 6586 257
8055 8374 234
63 3751 238
9863 7127 260
1408 5548 238
9615 3669 262
6707 2711 262
2440 4407 238
9829 9424 198
853 5945 238
9944 9312 242
650 3194 217
8997 5054 262
1511 2812 209
1313 1986 180
9313 3829 262
9433 266 262
6453 5808 262
6359 3265 262
3828 4287 202
5015 5513 192
2066 6215 262
5681 8390 262
8961 8654 247
6126 7839 262
2044 669 182
9799 7726 260
2625 6849 262
209 8354 262
9019 1646 262
5495 5305 192
7446 2776 262
2251 4624 238
7603 2671 262
1127 8881 262
847 5621 238
9057 9817 260
9645 7437 260
6828 2345 262
3543 8643 262
2435 8280 262
2594 418 209
8654 2967 262
8920 4397 262
5095 6996 262
6923 7942 257
9477 3902 262
3159 9685 262
425 143 144
1288 7738 262
4973 2755 238
4281 996 238
5475 9174 262
9805 8792 260
2070 3196 217
6002 3160 238
541 6703 262
6102 9968 262
2014 7860 262
6079 5987 187
7395 9110 252
3932 6792 262
5914 2146 238
5921 2188 238
7593 7722 177
8093 1707 262
7767 1487 262
2545 7560 262
7078 6400 257
9225 2920 262
2952 4595 238
9821 3102 262
5604 5959 218
471 146 144
897 5101 238
4404 3640 238
6812 7850 257
9917 292 262
7698 2680 262
9131 5201 262
5001 7970 262
7624 7211 239
6493 256 262
5422 5446 161
3208 7723 262
1592 1511 167
5246 6061 236
8135 951 262
2311 8746 262
6191 9134 257
8584 1610 262
2833 8775 262
9121 5698 262
3627 5786 238
9909 5187 262
2430 6874 262
3523 7220 262
6833 8363 257
4568 3164 238
4983 3767 215
1330 320 182
4437 336 238
3346 1952 217
6739 7826 257
9123 7693 252
4110 3371 238
7517 444 262
6236 2542 262
2266 9405 262
2730 6234 262
2660 6366 262
3897 3080 238
7043 5366 262
8770 6418 257
1147 6392 262
947 9266 262
1476 510 182
111 3761 238
1359 4721 238
8737 6752 257
9001 3109 262
2658 3541 217
6893 3383 262
4500 373 238
2067 7419 262
9071 3731 262
1687 6805 262
7052 9313 260
7966 4047 262
9854 1481 262
7228 2907 262
1480 5577 238
1880 1261 180
4817 6935 262
3730 9510 262
1815 1500 180
1439 1955 180
5333 830 238
1324 3973 238
3720 9801 262
3870 3026 238
4040 9085 262
8354 7392 252
2463 5544 238
9314 5989 262
140 8640 262
1715 2566 209
109 1961 182
3724 5756 236
6016 2655 238
4052 373 238
8740 8992 247
1286 314 182
7674 9074 252
6847 7675 257
7617 4347 262
3356 5696 238
2639 3958 238
5560 6798 262
655 9561 262
7448 4315 262
1426 8059 262
7644 1862 262
4050 9520 262
1620 7882 262
5744 186 238
3212 8544 262
4374 4837 215
9087 332 262
9065 8657 247
4169 8862 262
676 6341 262
226 6540 262
203 3916 238
9153 3847 262
7550 515 262
1364 525 182
548 5670 238
3046 6724 262
4411 6231 262
2142 299 182
8515 2076 262
2335 9848 262
8579 8086 234
956 760 179
8332 6406 257
9343 947 262
6730 8967 257
5860 4228 236
3826 1063 238
2459 1097 183
672 4798 238
504 2792 209
7081 197 262
6725 6786 182
4930 2358 238
469 775 171
7588 854 262
6771 917 262
6511 9474 260
5041 8970 262
4610 7107 262
9186 1222 262
6773 135 262
5167 2905 238
9907 6790 260
272 4623 238
5234 1136 238
6106 3966 236
1004 7219 262
17 3064 217
3009 5859 238
6767 4125 262
2031 1613 180
9362 8048 260
7944 8224 252
1645 4163 238
4171 8309 262
8272 4448 262
4133 323 238
1745 4014 238
4343 2090 238
9634 3785 262
1055 9124 262
3323 2853 217
3032 7986 262
1241 5292 238
7423 3978 262
24 3439 217
9191 8591 247
6432 2439 262
7163 156 262
8984 6930 257
3212 1324 217
8636 1917 262
284 276 105
3417 9985 262
8604 5155 262
7387 7578 239
5226 4482 210
2739 9816 262
5973 5951 143
2302 1397 183
3559 684 217
6627 676 262
4397 3933 215
5006 9011 262
3750 5195 215
9748 929 262
2849 9173 262
84 4782 238
439 6416 262
6081 1130 238
2790 2544 191
9150 7747 252
7645 1406 262
7240 7015 195
8706 4264 262
5303 5266 148
5362 8649 262
8334 4258 262
8470 7290 252
6377 9655 260
4983 3928 215
5921 3863 236
6092 3642 238
9430 3894 262
1359 8062 262
2121 7709 262
3615 9843 262
8216 2310 262
5410 1370 238
2224 7319 262
9570 9637 198
4227 5891 236
3929 3432 238
3940 9144 262
3617 5884 238
892 2079 182
5776 6263 262
2884 507 209
6277 3704 262
5491 1805 238
3728 9613 262
7405 1697 262
5421 9177 262
916 413 179
7625 985 262
2245 944 183
8877 8979 247
6562 5392 262
2031 1513 180
5605 11 238
846 3489 217
1619 5083 238
1294 643 182
1537 7439 262
4455 55 238
2580 7640 262
6276 3594 262
4642 1427 238
1556 640 182
7281 2887 262
1671 7196 262
3155 8618 262
3985 273 238
2098 8235 262
3749 4785 215
6697 7747 257
5024 5231 179
7643 4025 262
7729 2433 262
2534 309 209
6068 3634 238
1762 5239 238
1966 4437 238
3373 4678 238
6872 5385 262
8090 7183 252
4215 9047 262
6241 9765 260
6112 2282 238
326 6225 262
6210 3434 262
1240 5611 238
7491 8722 252
2040 1191 180
7290 5304 262
696 2056 182
6834 3358 262
9660 9243 260
9319 2426 262
5030 2523 238
9235 6088 262
4063 9983 262
5340 9861 262
7340 9211 252
6092 6891 262
1822 6974 262
6977 4615 262
5397 1049 238
1746 6158 238
3085 3361 199
7985 6706 257
9792 9357 198
8555 5169 262
236 7093 262
8890 1201 262
4842 5434 210
4988 6310 262
6537 5237 262
9062 7249 252
7018 3201 262
5099 6329 262
5765 9542 262
9828 2858 262
7348 8056 252
3701 6296 262
6476 4861 262
2910 6161 238
4834 2254 238
2912 733 209
9061 9828 260
851 5436 238
903 3628 217
8627 2496 262
9113 195 262
9721 2950 262
5244 106 238
7894 3006 262
5003 2922 238
7888 5531 262
914 946 174
7592 535 262
7698 8215 252
4143 7177 262
3820 1565 238
9020 6472 257
5377 1605 238
6806 5521 262
4186 5655 236
3588 6707 262
4259 4902 215
2009 4600 238
9419 146 262
528 9073 262
7721 3231 262
8447 1043 262
7854 5243 262
9911 5673 262
2035 1938 175
2799 3449 217
8224 5823 262
1595 7976 262
8335 653 262
2992 1250 217
8974 4227 262
672 6622 262
3288 5697 238
3133 2375 217
5999 8857 262
875 6931 262
7495 1653 262
4086 4062 158
8601 990 262
9218 6227 257
958 4467 238
5247 6301 262
8924 9155 247
6086 4058 236
5016 6937 262
4245 3905 202
5298 8772 262
5643 4769 236
9963 8501 260
5772 6760 262
3914 3912 145
174 1196 182
378 9098 262
4598 1838 238
223 1374 182
1697 180 182
3080 4379 238
4356 1511 238
7915 7272 239
5693 1302 238
1298 3838 238
1831 6831 262
9872 4301 262
4996 1277 238
850 1468 182
1205 744 182
6318 5255 262
6322 2111 262
9031 2638 262
9464 5985 262
3624 9556 262
4191 5280 215
1577 7542 262
5092 5223 179
8952 662 262
4472 8737 262
9666 8897 260
9721 5104 262
1835 1393 180
9648 6837 260
7077 348 262
3168 6114 238
3197 1204 217
1403 9992 262
9446 2283 262
2198 1474 180
7202 1796 262
5761 8673 262
8476 7753 252
5100 5193 179
5861 4398 236
1271 9296 262
4634 4418 184
8825 2117 262
8241 6849 257
6840 7072 257
4750 1116 238
9646 226 262
7681 2220 262
1566 5586 238
1293 5222 238
8196 2982 262
982 3603 217
972 9130 262
1152 3157 217
8648 2387 262
9977 5486 262
4306 8534 262
1291 6038 238
3918 4811 215
2355 133 183
7362 9131 252
8475 9386 260
2694 2549 191
7373 7501 239
5616 4985 236
5209 3946 215
6382 3085 262
5848 6065 187
9152 1110 262
6811 7938 257
1100 7207 262
5953 5633 218
3781 899 238
3550 7191 262
7912 8394 252
3966 4258 202
5116 1531 238
5438 604 238
4663 7651 262
2787 2636 173
931 2760 209
108 9297 262
1225 9779 262
9946 9154 260
4086 7680 262
3131 9447 262
1676 7597 262
4161 9780 262
72 7736 262
7061 6010 262
4247 6286 262
7351 8024 252
2370 3221 217
1368 5702 238
2041 205 182
8109 1452 262
2610 8081 262
6380 4835 262
7164 1549 262
5156 6704 262
5625 32 238
2959 7518 262
3379 6924 262
1015 8902 262
8078 952 262
4753 5633 236
2786 5058 238
5209 8186 262
8492 5406 262
6265 8535 257
7030 4944 262
1387 4568 238
9851 4914 262
8454 2673 262
4855 8492 262
5640 8053 262
9031 569 262
3117 3445 199
2069 9358 262
3181 6126 238
7240 5438 262
8229 4818 262
6256 9161 257
1253 19 182
2070 5582 238
5236 2352 238
2622 8743 262
9092 1410 262
8553 2757 262
3281 8565 262
9590 3581 262
359 5059 238
3077 6978 262
9534 9098 260
4357 9988 262
6871 2170 262
9035 3780 262
4615 1001 238
6426 3396 262
1104 9247 262
6047 3556 238
1072 566 179
8665 5486 262
1137 5277 238
1658 1420 172
3053 7685 262
3902 2175 238
8721 9663 260
3340 770 217
6673 4141 262
5499 8654 262
3806 3028 238
6176 6522 200
2569 1087 209
134 5281 238
6631 3268 262
8691 9434 260
2657 4600 238
1881 5924 238
1171 7899 262
7200 6045 262
7079 557 262
9958 2739 262
8967 8079 247
952 2212 182
1786 5818 238
2539 9259 262
4325 9567 262
9780 7545 260
6597 4339 262
9732 5045 262
960 7354 262
2350 9270 262
1182 6559 262
928 30 179
7374 6624 257
1274 3165 217
7192 3080 262
8633 6611 257
8066 6190 257
731 6917 262
4392 4268 215
6232 7915 257
6488 7107 257
6565 513 262
2629 4562 238
3475 3767 238
2249 8090 262
6662 3033 262
6150 8959 262
1438 397 182
6816 7674 257
3427 9621 262
5115 9136 262
4561 3742 215
8146 183 262
4503 4837 197
4629 6066 236
9286 769 262
5208 6533 262
3462 8207 262
6859 7640 257
4854 7458 262
9325 7374 260
5050 8548 262
8695 1426 262
7629 4184 262
6598 9620 260
5411 9672 262
46 6012 238
1862 2396 183
3106 6188 262
2873 4513 238
1405 100 182
2829 5229 238
7351 7317 195
6334 8303 257
5320 3141 238
2899 5931 238
8693 7582 252
3036 9492 262
6177 2034 262
1915 6575 262
5789 3672 238
4188 8367 262
9018 9135 185
4574 1920 238
1398 4537 238
7343 4867 262
4303 3824 202
7106 1829 262
7882 5547 262
2727 9017 262
4378 4078 202
3980 2678 238
9437 6189 260
5228 852 238
2575 195 209
9569 6237 260
7662 6451 257
5992 5945 143
9909 8407 260
7112 2643 262
7515 9063 252
