1305 3205
5116 3937
5958 1707
5789 2284
8146 1858
3234 1385
5051 1990
9146 1380
5662 5333
6176 5837
462 8264
3883 5042
7446 893
2688 2212
5331 1033
9282 7824
3220 4266
1469 1739
2153 6153
4632 6114
2154 7914
8373 8843
1000 7960
3543 8501
2598 6742
1307 108
2880 5337
5441 7519
5261 8055
5527 5062
9682 5603
482 8471
9200 3814
341 7837
2378 2423
714 6499
1327 5421
3296 4546
3292 1767
8311 6129
3545 763
6447 1522
8032 427
5207 1403
7639 2346
8948 3548
1008 123
2633 9022
4057 4711
5770 3583
6312 2813
6807 3310
2664 3981
9234 518
4391 2483
5575 6550
4896 3256
141 1087
8857 9158
9503 5690
571 4691
9231 7617
476 8835
2924 3198
8023 6757
8469 1860
2879 314
2478 1760
5243 6433
9229 2739
3295 6007
3639 7801
5481 6040
283 461
5083 186
6262 7293
2105 5553
4852 816
6655 9446
4557 3795
3496 2938
8079 8661
8547 9558
4572 6156
7566 8302
4607 3695
9686 2144
4809 3219
1912 4506
1883 2800
2034 7730
8567 7383
1064 1243
3237 8876
8401 3114
7373 5826
8411 3862
987 2762
3717 9685
9416 8844
9405 3337
4788 3997
880 4250
4524 9869
6253 7814
6242 5764
6631 9507
114 2771
7276 2922
7717 3660
3726 3612
4118 1988
2278 6233
1823 5151
152 440
4134 2770
9229 4407
2862 5851
2551 1256
5763 7236
1591 1018
4746 4388
5490 8335
1096 2135
2505 5933
3551 4185
1864 5512
6221 767
2217 1802
9658 687
8703 2095
5415 2959
7939 5796
6417 7360
5741 6521
7143 3697
3312 9910
638 2778
3230 2104
2870 6983
822 9476
7891 3705
3935 5009
9170 8961
2012 5323
7616 3751
3016 3948
4049 5436
4797 9990
133 4696
7307 8699
2709 1221
7626 7567
5764 6822
4606 6846
7983 2984
7365 8282
4332 6310
572 6969
4943 2358
4445 1796
5792 6795
9666 9010
5184 3740
7686 7872
9819 2916
4291 2185
7541 8641
3863 2548
1755 2443
6796 5372
9610 4742
2465 7921
5945 3591
2161 7197
9334 4471
6882 3261
2345 2421
8199 2463
3787 9069
914 2347
825 8052
5760 976
3379 8259
5625 2439
4846 4919
789 8909
2763 9195
3001 1897
9094 4639
5590 2098
1294 2376
7968 8660
2739 6954
5950 9101
2607 8977
9850 264
3170 3347
2858 7410
8822 1935
9086 8508
9198 9845
3301 6566
1482 3760
4384 8547
4333 6228
8505 2988
4223 1860
8849 2072
9365 1874
8219 8277
9477 4354
896 3775
5728 3093
3020 4023
9687 940
9319 7295
8831 929
8544 650
314 4402
1353 7321
382 5813
215 2980
3854 3840
6587 7486
8449 766
9632 7625
2362 3184
9618 2568
3793 8135
2907 1320
6196 509
9488 2390
7571 5707
8743 5851
8823 3468
8424 6754
625 601
5061 6073
6489 1962
929 1545
362 2171
6727 220
8941 9844
8495 8116
457 2775
1513 132
4906 6275
6503 6243
7682 4928
5149 5829
586 8745
9233 540
5516 8499
7917 298
8480 8083
193 2912
7433 4148
2327 5318
6995 2843
5709 1474
6742 9728
997 8617
7513 7717
1504 8804
6028 5262
567 8560
7590 2996
8433 1528
9089 9800
2404 8598
6131 8976
6027 5603
1926 9347
8498 3946
9380 9082
898 3372
147 5441
9904 7532
9969 5172
1141 8165
2180 7239
2579 9160
6738 3192
4252 666
7756 4626
1998 8429
7556 3160
5682 3707
6726 2395
9872 7639
2303 3352
4218 2397
8022 7429
6781 2031
9734 3770
9426 9408
4571 6810
5563 6295
7676 914
6061 4996
8819 1469
834 2905
7645 2955
8017 3085
6062 9508
2859 340
7398 5245
1907 8866
6291 7220
5894 8610
4396 8770
504 6312
223 4614
342 9457
3351 4228
9452 7468
3553 7449
2515 7755
7673 989
2463 2777
1010 7069
7090 856
3944 8829
7782 6122
3241 422
7654 2742
3214 2065
1047 4215
3469 3690
179 1446
6822 5948
2857 8353
4055 4306
1231 2732
5574 4685
6892 3683
1969 5166
5439 5183
8877 8095
8000 9330
4663 4344
7281 4827
941 4973
627 5284
9746 418
8304 4226
8888 4103
7847 3235
6151 7468
6231 1394
630 2010
5031 5487
9788 5883
7187 6623
4844 7649
9950 3481
7389 9929
3577 9747
7137 9455
3017 8090
4800 772
1867 9624
3489 636
6347 9455
3345 2945
9223 6967
8111 9196
439 4236
9017 7586
926 2819
7759 6163
7675 8927
8102 4941
8792 1612
4610 8233
9810 3400
7462 4651
8761 7727
9026 662
7247 5655
3182 1360
1456 6380
7173 9390
6497 8191
2017 1165
3700 9589
196 5251
8905 3909
4671 818
9744 5005
2815 6991
2040 8973
1808 8180
3219 9071
7943 6657
1407 2584
2661 1223
8173 8956
5149 6582
8494 891
4089 3203
3114 741
528 9231
6928 2235
7825 3918
6432 5545
1446 9712
1001 882
6749 528
2491 5543
3139 5086
3878 3260
5739 8082
5955 9289
5122 1724
9423 9603
5510 4521
7586 118
7110 781
6875 4624
7683 1952
8383 7322
5629 125
2915 4370
5496 750
1059 1331
7116 7953
2560 9221
6104 5702
7473 9380
2918 7466
2786 9465
3157 4286
3151 5767
2667 4472
1370 6176
6559 4753
1732 7105
8798 7515
8428 8688
4780 6409
1852 1873
7478 2695
6376 6547
5702 6657
9334 104
8952 8961
1678 6950
3906 8477
6609 489
2260 2270
1443 1853
8229 6000
6636 7276
3899 4526
9169 7297
1880 9534
7817 5258
3777 5920
7047 2244
696 6201
5843 3544
9577 5690
8755 5808
2980 1030
1408 8502
7977 6196
8630 3892
7289 319
9635 6944
8119 3726
6006 2871
4010 2990
2773 4798
2769 1934
4001 4535
9636 7896
7592 7330
8316 270
334 5839
1144 7514
1899 2645
4056 8032
4719 2814
6061 6989
5269 4127
7041 5583
8518 7989
8116 3630
5499 3322
7778 4184
683 4467
7527 5307
5331 8346
7427 6013
9454 6038
762 1378
4140 8360
677 3234
1420 719
7168 3034
2233 2969
3640 4761
2912 109
6623 7872
750 9004
2266 6492
9294 1798
5548 3118
7803 8095
2493 7144
3055 4524
5393 4390
6847 3701
9598 7786
6628 6770
9133 6152
2229 1373
1345 2044
5136 8651
5969 3231
288 2149
2962 7764
8144 9793
5124 5802
3645 9225
1253 4190
4178 8317
2720 239
4308 9054
5747 2939
6553 3316
5405 3820
2259 4758
8507 7781
8230 8166
4782 5761
2121 1118
3051 4037
4277 8575
8829 8562
9327 6155
7321 236
9578 7961
1977 6601
4591 5150
8911 8042
9225 5586
4667 6315
9991 5601
4254 3751
658 1376
1651 8543
6201 7151
9524 8727
817 5382
348 7814
1283 6850
9531 3939
9594 9544
9106 8703
2214 2503
4071 8111
6038 1999
3061 6606
1320 7210
704 9198
6075 6671
9155 9872
514 4207
5043 7279
5826 5120
8069 3549
3132 901
9929 9096
9760 947
1243 6492
2289 3561
7494 2023
5178 9134
2596 2025
7400 4117
9265 9041
3694 5105
5777 3424
6516 9543
3777 1160
5354 8318
8012 291
6227 3480
6240 405
5136 8371
7897 9195
5298 7034
9662 382
5434 7555
5568 2434
3980 5053
6791 9097
8015 7678
2062 1699
1672 4576
6539 1520
5674 9929
5312 1869
5933 6967
5093 5349
4107 3462
3058 7460
7685 4618
6993 4085
6737 2779
4951 783
2768 6219
1735 9129
7500 5641
4370 9081
2769 7641
5381 5670
7877 6112
6328 2936
4275 7211
426 6886
1583 8348
1098 1974
5108 1842
6503 1244
9183 9143
6667 628
4958 5431
6533 3965
5937 4926
3277 3860
8037 2942
9898 5392
9290 728
4644 376
2640 1485
9772 2659
6371 7913
2237 4699
4236 9330
8860 1191
641 7499
3710 8874
1834 7624
2842 2085
6055 6960
7566 8755
9572 2379
8339 1910
9935 8556
8330 1842
4868 4218
1565 7142
8225 228
9761 681
7824 5751
3857 6929
2042 759
1369 3390
4718 9053
1655 7783
1802 6274
1905 3646
9420 2037
1117 8623
7593 6393
7943 9178
8615 3561
9328 740
3147 188
5124 8289
5496 9383
6029 4301
8930 7274
7937 3164
6486 9528
5850 9279
4444 847
3725 6477
2490 6449
1973 8367
475 4711
5641 6916
6159 2828
7565 3931
4602 9809
2067 3007
7380 5289
2973 9213
4210 2538
2630 7521
213 950
3131 1733
1800 1612
186 3737
9965 7128
7465 6683
9776 6582
1547 8219
5061 1263
8014 2951
5413 8974
3205 9880
5425 3665
6369 5420
636 4605
1692 2799
7153 5070
2204 6899
2750 5454
2004 3884
8064 202
8720 9183
7768 1772
6341 1185
9944 6622
6894 710
8822 892
9560 3152
5413 4484
2374 8302
6167 2566
5188 2067
5188 7903
2452 9088
9694 2390
6087 4769
9057 7260
7170 9335
9157 5174
7616 3840
368 5931
7308 2424
9299 3493
4730 7861
3217 7157
3328 8472
521 5755
7185 6857
2209 2414
4538 4814
471 1624
2298 1285
978 9257
9774 2191
3111 2951
7659 3228
3852 6681
3282 8226
1468 7785
7139 8830
7768 705
439 9155
345 6354
7962 3842
7856 3943
8793 2477
9492 4206
6128 4789
8748 2735
952 5217
1506 3705
8346 9205
8350 8613
9356 7625
1165 1607
9136 5604
2155 1897
9977 3192
6930 1552
3521 996
9189 1408
6797 365
6144 2380
1707 4904
5021 2906
624 8993
5934 5450
8989 3629
6405 168
1918 3160
9675 2955
6444 4989
1586 9317
4627 6629
4778 3087
4479 7899
4355 9883
8025 2800
6333 4924
7626 9265
1852 1061
3340 5682
4857 5940
3462 9588
9567 904
3538 8056
8367 530
7199 8471
6543 8883
3711 361
7257 220
2476 3662
4188 9106
4152 7132
464 450
4754 8657
8353 9385
4967 1847
8339 5563
2087 5336
3928 8100
7349 3747
7880 2255
8737 1343
4294 9479
5588 9848
3764 6851
5512 3743
3795 1399
1274 6252
8287 8436
3211 8986
3917 5333
419 1582
5258 4059
5929 9690
1609 4728
631 4516
5974 3156
1889 1760
4053 3025
1563 5739
9602 4442
8156 955
9540 7479
4793 9126
4332 4365
4516 5145
7961 1577
5866 7655
6006 1378
9688 9461
5553 143
3352 4390
2629 6618
3458 3428
3140 3289
6344 4271
191 3024
5595 4194
7355 2514
5215 5504
3295 8286
3238 7955
458 1167
2494 1773
3920 3373
9230 6141
7271 1565
6204 7306
5420 316
2575 9039
3072 5188
5965 6625
6715 4209
3764 760
3632 740
4527 2225
461 6679
5456 6173
3488 5784
8681 1757
3201 953
5526 6958
9593 8660
8710 1247
1964 3964
993 356
6972 1329
3122 375
8845 7158
7889 9595
2588 3889
2979 9138
9696 5270
8935 4924
677 132
1082 1971
6052 9509
3331 6014
8151 7537
2629 8209
3058 3647
5883 3090
9599 784
5422 5757
8440 8184
7761 2060
530 4524
550 8120
3516 343
4617 3010
9654 6023
9004 1129
4359 1156
2490 1938
7788 5588
783 1521
4234 1158
6768 5477
8425 3581
7817 2236
2597 3432
4027 3706
316 8098
933 9710
6936 8627
9679 1290
1954 4714
9692 4291
2747 8604
172 156
8371 633
4416 3567
6655 1493
8070 3477
704 1723
7800 4284
6991 4244
7914 7449
2529 5399
6834 2943
3374 1291
8383 5713
7865 5414
3285 1281
6547 3877
1332 4941
7392 7456
6827 2523
4176 6825
4966 3986
6002 6064
4757 9449
9441 3927
4067 3483
8389 7270
6359 9664
9606 8373
1410 4382
6568 5674
412 1802
3767 9868
5786 4801
9226 6743
9435 9946
295 1654
9114 1683
7114 7821
5392 7205
9077 4708
9420 5299
2593 3134
6916 6685
9681 6394
8501 9595
4581 3213
304 8599
9768 3211
3359 7933
782 6518
2724 4958
5297 5957
7175 1564
5269 1997
6562 8359
3502 9154
3588 6499
1621 6115
628 1698
1601 5800
722 8162
1732 9312
9896 7559
134 6975
2966 7724
3684 1541
5364 8237
8276 2172
4414 7332
8693 9757
3827 5898
8653 4779
1013 6407
2425 6071
